.Random.seed <-
c(10403L, 10L, 1680758835L, 377623970L, 1466724500L, -1163553001L, 
1519313165L, 818153508L, 1124124682L, 369786229L, -1041765169L, 
-1607909418L, 1433599872L, 974713795L, -773507743L, -1751725104L, 
641526574L, 73258713L, 1942045931L, 293602650L, 1026012956L, 
1350545951L, -934751627L, -229040372L, -486206750L, 843188157L, 
503169079L, 1237633758L, -1814055400L, 1306679675L, -750546663L, 
997522856L, -1235459754L, -554655279L, 705618307L, 1560666130L, 
-1375726684L, 92775271L, 1047738557L, -239566796L, 1202246554L, 
2028527589L, 1644129151L, 1863523078L, -1723100016L, 1710662963L, 
-1312275759L, 1567180928L, -1836617378L, -1404074327L, 1236365659L, 
1626577770L, -1022635508L, 1663808079L, -71557371L, -1239394372L, 
-1247358318L, 1381767565L, -1056226873L, -18144594L, -1424233720L, 
-718841589L, -1427609623L, 1418772664L, 1260676966L, 2106573825L, 
-1052691821L, -260451006L, -601736460L, 616023799L, -1358067987L, 
1358090628L, 1634459562L, 1006789909L, -1157099601L, -650149962L, 
260384224L, -1147798237L, -323251647L, 556743984L, 1889687374L, 
-1092928071L, -302293045L, 1320129658L, 1872823676L, -200827457L, 
266328725L, -1360623444L, -473640318L, 752966237L, 1576537431L, 
-488673218L, -2146286472L, -1387933861L, 291928761L, -768764152L, 
-349033034L, -1159810319L, -1213549277L, -371331214L, -179733052L, 
567723399L, -942733475L, -1375729324L, 38079354L, -2077152571L, 
-1304560609L, 1568394150L, 184306992L, 2115694547L, 1316052465L, 
1069394720L, 205817278L, -626360887L, 1605067131L, -1723717814L, 
-193923156L, 454999727L, -1443349403L, 1170336796L, -946863502L, 
1925330157L, 1733471527L, -1822303922L, -2064205400L, -1537311317L, 
-1383491895L, 1373163224L, 2056983430L, -2085206431L, 2003042291L, 
-799411614L, -1628257068L, 1011787223L, -2098409523L, -400880796L, 
-539144374L, -562866507L, 1174588943L, 1391304470L, 1306413504L, 
-1380853373L, -1441833055L, -1981182064L, -392039314L, -1072070119L, 
28953259L, 269389466L, -638055844L, 1180538719L, 264808757L, 
-407861044L, -518491614L, -806196099L, 22254967L, 36952734L, 
1816361304L, 632635579L, 1189051993L, -444314136L, -1608935402L, 
-201743471L, -1384936381L, 1853481810L, 23619556L, 823957031L, 
-411570563L, -966078604L, 80847706L, 1316771237L, 537973183L, 
117905990L, 822261968L, 367416051L, -945224687L, -995651008L, 
-126941666L, 1740460265L, -1126403557L, 20812330L, -1403194036L, 
283596559L, 78568005L, -392246276L, -775433646L, 1709682637L, 
-1641109113L, 993795182L, 486384712L, 65437259L, 1867674537L, 
-788907272L, -1941991898L, -1850087615L, -9392941L, -644271998L, 
-2091118924L, -370922953L, -80334547L, -1616084412L, -1640292502L, 
-355734571L, 1920888175L, 842995830L, -1898433632L, 900162659L, 
2097443073L, -1843708816L, 1070626830L, 1470728313L, -308508661L, 
-648681158L, 367130684L, -289460353L, 871179477L, -705890068L, 
185086530L, 1781568925L, -365424617L, -1968470658L, -1035363528L, 
-702684133L, -1213252231L, -2136847416L, -974661642L, -1432585679L, 
1121315939L, 432100402L, 499511684L, 1554813170L, -1574491408L, 
1690293060L, 1077320280L, 1936278074L, -1657616656L, 423480508L, 
-1345139180L, -614088510L, 2074566752L, 451767676L, -1825882928L, 
-183890910L, 1008876200L, 1468104588L, -1800709700L, 1515275314L, 
-1849948352L, 841685172L, -389336248L, -1953969478L, 1907674896L, 
-1285621524L, -977169324L, 1687598866L, -141806688L, -402251828L, 
-265671840L, -397942590L, -867301848L, -1591355988L, 676892476L, 
1138188146L, -720604368L, -21290460L, -2073743304L, 79645914L, 
79249808L, 1751545596L, -844705900L, 177824578L, -2126046720L, 
-1521458628L, -127314352L, -1366945118L, -664880312L, -894494196L, 
1684286684L, 1435562578L, -998422400L, -103318700L, -1165618712L, 
-2112214278L, 1073665872L, -108239828L, -1418898060L, -1117249902L, 
559692384L, -1610083700L, 268528480L, -1703005470L, -1842947928L, 
1210798284L, -1809169924L, -87425102L, 90609136L, -353587772L, 
-973867176L, -1773446278L, -1653768784L, 1728987580L, -1015652268L, 
-1480789054L, 706437920L, 2034898876L, 2034807376L, -2067894814L, 
-498306712L, 1349635404L, 93708540L, -563461390L, -1857130752L, 
1122991732L, 1376829448L, 383267258L, 714706896L, -2028992020L, 
-1662015596L, 1693733586L, 345046624L, -123116212L, 2079343904L, 
1614850690L, 1875352040L, -532070420L, 1610630716L, -810465678L, 
1037609840L, -349132508L, -1797217736L, -1318200934L, 327891408L, 
1768482236L, 177723540L, -532220798L, -1864260160L, 1197017916L, 
-253629296L, 1335040802L, -534022648L, 170894604L, 914814364L, 
46247442L, 1244920704L, -843132140L, -457264856L, -1345780678L, 
-1318278192L, -1256826260L, -874081740L, 1897978514L, 186279264L, 
-917661364L, 1564354528L, -553093726L, -1523911256L, 1827821196L, 
359218620L, 1199361650L, 112096240L, -1462096316L, -126144424L, 
-1463764934L, 1320755312L, -1634805700L, 1634509076L, 818340546L, 
-171022624L, 156530812L, 743782096L, -6260318L, 953395240L, -1321530612L, 
1181305276L, 1283674930L, -1571489088L, -264262604L, -504451384L, 
78034106L, 579131024L, -1032626452L, 1813875284L, 1089614482L, 
-1327204064L, 1690075596L, -1852808480L, 1454174402L, 1710156840L, 
-1080272980L, 865917628L, -1754461198L, -394856912L, 590331812L, 
-640201288L, -698857638L, 1753878672L, 1188248444L, -2105073388L, 
428652866L, -1566686976L, 1684753852L, -1336745648L, -1248749278L, 
690707016L, -1184878580L, -364194212L, -1068496430L, -2103151104L, 
-1862535852L, -985944856L, 1571045626L, 1133438672L, -362247380L, 
-1332014860L, -208971374L, -1995178656L, 1132989452L, -1981154080L, 
597008994L, 2055718056L, -1270662068L, 1273304956L, -841656014L, 
1926419056L, -31550652L, 2124493784L, -171031686L, 196921392L, 
-1570902084L, 2059199060L, 1668403266L, -665489760L, -18308420L, 
-1276032048L, 1900993890L, 98803432L, 1185135820L, -1445637636L, 
-2022638094L, 1460421760L, 1916389876L, 1675139720L, 918522682L, 
1794198864L, 511110252L, -180984428L, -105693102L, 1514470880L, 
-1102990132L, 1675927200L, -1192914558L, 792377576L, -853656852L, 
2111038780L, 2123665522L, -1895312784L, 172018212L, -1863057651L, 
-1896482441L, -1867555456L, 1436171230L, -359213909L, -468127827L, 
-1811110886L, -1793537320L, 415056705L, 1159082995L, -1959477740L, 
-2040555614L, 1788258487L, 1640280705L, -534261114L, -2106826044L, 
-1805761547L, -584164769L, -164787016L, -909211242L, 611423139L, 
65603429L, 1256865410L, -94233616L, -294167143L, -1841032309L, 
973102716L, -1098689366L, 676185823L, -214754199L, 870921854L, 
1596145260L, -1115561283L, -821641337L, 342993776L, -862283250L, 
-954075333L, 927919133L, -1344412470L, -595288088L, -727880495L, 
-1954576189L, 501006276L, -975913870L, 2006226247L, -1185412847L, 
677641366L, 1317286388L, -662559867L, -1788286257L, 1224751048L, 
-555090330L, 390697107L, 1893175285L, 918915538L, -362900960L, 
2055818249L, 626004283L, 1045296268L, 221643034L, 590673807L, 
-1195243303L, -647870610L, -843333892L, 18709613L, 243976215L, 
420934112L, -494928450L, 500925323L, -722914291L, -1637067718L, 
-2041375624L, 1151598625L, 1068960467L, -433616396L, 1236480642L, 
1651773207L, -409696799L, -1361659098L, 2115712548L, 1312944341L, 
-899280769L, -1769913064L, 1777974326L, -564845885L, 509841157L, 
1091224226L, -783585136L, -552370119L, 393359595L, 1309057500L, 
633333770L, -2020944129L, 1556285257L, 203668702L, 271868556L, 
1928832605L, 1612393575L, 2025734544L, -862101074L, 1801409627L, 
340837437L, -2070148438L, 338212680L, 2123955057L, -46564125L, 
-862055452L, -214400238L, -1714270489L, -2084423503L, -1163166986L, 
1622777108L, -1437302235L, 321195823L, 1657516264L, -48180794L, 
1500250227L, -2051577131L, 299186354L, -335270784L, -623005591L, 
771910875L, 1715232812L, 211836986L, 725573359L, -1220382343L, 
-457499122L, 916922332L, -666625971L, 1450326967L, 160097600L, 
-1585716194L, 1434419947L, 1303636589L, 1099053786L, 2058412696L, 
-342728447L, -263747917L, -1069346348L, 223772898L, 818133367L, 
537946305L, 1850078278L, 942971780L, -762458827L, -1116079329L, 
